520
596461.703 4294428.963
596929.198 4296708.327
596638.102 4300140.928
596654.380 4303720.781
597437.257 4306465.194
598505.086 4309117.297
600803.632 4311548.607
603866.445 4313076.556
606661.449 4314891.639
610027.600 4316845.499
613429.174 4318160.649
615975.314 4319827.910
619269.805 4321433.879
622527.776 4322542.546
625821.726 4323718.423
629879.835 4324886.334
633801.936 4326345.717
637014.250 4328209.156
639131.553 4330549.398
640529.636 4333412.107
640970.296 4336271.616
640358.924 4339195.989
640072.845 4342459.338
639675.809 4345829.870
638587.898 4348660.929
638354.583 4351278.178
637531.220 4354106.046
635523.028 4356047.090
633417.411 4357632.573
630375.085 4359144.958
626602.612 4359981.949
622798.817 4360718.057
618951.700 4361530.289
615378.145 4362644.747
612239.859 4364086.209
609658.189 4366186.964
608143.795 4369445.039
607489.373 4372992.373
607975.729 4376516.747
609693.964 4380008.879
612243.122 4382989.801
615325.402 4385509.497
618873.897 4387638.717
622058.972 4389974.585
624125.271 4392597.612
626018.267 4395412.767
626927.362 4398987.271
627463.777 4402697.648
628902.219 4406082.371
630360.494 4409550.581
632563.695 4412822.288
635724.082 4415378.132
639139.204 4417653.409
642614.233 4419931.110
645857.686 4421708.140
648807.855 4423685.226
650548.177 4425600.769
652139.736 4427349.404
653904.433 4429460.768
654646.860 4431027.089
656488.116 4433112.617
658544.963 4435354.550
660586.141 4437167.959
663495.622 4440045.046
665878.439 4443058.403
668581.967 4445820.038
670879.629 4449382.391
672662.690 4452983.632
674708.509 4456160.386
676263.679 4459660.423
677520.241 4463022.251
679136.403 4465342.959
680598.465 4467935.948
681760.933 4470274.435
683532.654 4471834.702
685150.070 4474327.295
686544.662 4476568.690
688008.537 4478619.696
689052.371 4481089.026
689688.436 4483017.935
690092.660 4484897.176
689762.047 4486901.635
688725.802 4488889.243
687480.272 4491412.935
686075.226 4494450.608
684324.576 4497414.778
682171.056 4500172.920
680213.907 4502610.449
677737.791 4503964.465
675529.254 4505092.163
673572.347 4505897.903
671407.255 4506399.547
669950.900 4507575.016
668487.479 4508756.009
667684.537 4509648.671
667022.468 4510533.025
665974.170 4511675.754
665590.993 4512539.069
664642.776 4513837.967
663248.292 4515749.440
662072.670 4517996.950
660201.669 4521064.217
658059.138 4524631.088
656125.007 4527424.393
653724.476 4529373.646
650982.667 4530695.506
648266.649 4530568.008
644973.298 4529834.426
641509.097 4528578.596
638105.000 4526876.689
634564.173 4525760.326
631853.825 4525558.066
630001.203 4525352.991
628059.570 4525880.816
626486.919 4526784.113
625445.553 4526485.690
623301.961 4526817.722
620985.348 4526842.737
619201.202 4526142.230
616223.667 4526104.291
613466.139 4526359.271
611552.238 4526488.557
608868.584 4526966.502
606166.604 4527880.037
603481.480 4527908.581
600645.031 4527484.576
597702.308 4526810.671
594534.688 4525612.182
591871.829 4523960.320
589113.878 4521899.067
587119.219 4519784.403
585979.428 4517348.088
584623.457 4514948.182
583548.100 4512801.061
582186.411 4510614.817
580187.931 4508744.318
577941.411 4506667.862
574997.885 4504533.354
571884.351 4502525.890
569001.781 4499818.698
566263.957 4497019.923
564144.125 4494394.566
561805.357 4491414.635
559335.686 4488716.942
557299.393 4486247.839
555097.272 4483407.134
553068.006 4480730.929
551710.786 4477999.475
549920.789 4475114.716
548263.163 4472226.635
546918.842 4469098.679
545297.972 4466004.479
543651.802 4462991.120
541952.227 4459985.299
540137.915 4457413.191
537613.370 4455162.757
535181.749 4452923.455
532000.944 4451224.497
528143.251 4449485.724
524574.281 4447557.761
520727.861 4445670.333
517092.555 4443947.790
513729.617 4442190.261
510409.559 4440474.664
506930.455 4439386.274
503491.754 4437734.308
500247.180 4436041.484
496789.145 4434364.309
493618.389 4432219.800
491013.768 4430527.127
488234.581 4428655.330
485609.470 4427046.679
483082.289 4425762.211
480023.437 4424418.732
476739.007 4423327.772
473481.774 4422122.571
470152.577 4421017.277
466880.654 4419400.342
464395.104 4417613.220
461826.876 4415958.730
459131.510 4413498.301
456852.845 4410909.309
453864.055 4408392.188
451032.010 4405143.858
448408.770 4401855.356
445521.021 4398437.383
443027.014 4394748.484
441134.678 4391314.105
439642.212 4387787.314
438223.831 4384522.647
437579.852 4381681.852
437457.730 4378580.317
437161.483 4375473.772
437513.503 4372644.249
437739.833 4369146.523
436966.384 4366018.970
436029.696 4363324.734
434244.087 4360184.696
431603.778 4357465.279
428516.212 4354642.668
424949.790 4351679.824
421155.512 4348940.618
417084.904 4346205.659
412949.971 4343566.715
408669.778 4341111.331
404166.324 4339145.252
399686.755 4337384.729
395498.371 4336258.679
391212.313 4335696.583
387284.356 4334870.539
383771.749 4334349.800
379938.942 4333455.502
376532.911 4331751.386
373122.773 4329721.456
369719.861 4326923.555
366694.347 4324512.168
363839.013 4322818.870
361170.469 4321517.853
358251.999 4321668.921
355474.617 4322518.484
352492.030 4324107.169
349177.971 4326640.962
346298.665 4329233.032
343536.227 4331913.908
341007.492 4334508.940
338903.382 4337123.719
336574.021 4339522.721
333941.626 4341148.923
330820.674 4342376.128
327234.869 4342953.219
323325.970 4342536.642
319575.246 4341531.481
316614.091 4339622.273
313740.428 4337325.937
311812.504 4334928.122
310518.775 4332320.259
308993.314 4329720.984
308342.751 4327041.036
307548.824 4324187.547
306820.069 4320789.035
306189.105 4317255.212
305270.925 4313500.365
304023.129 4310174.694
301945.976 4307260.174
299732.898 4304389.196
297378.486 4301981.051
295089.634 4299029.983
293316.591 4296020.543
292134.966 4292785.284
291455.696 4288736.012
291206.618 4284822.467
291504.385 4280881.604
291901.988 4277425.922
292207.918 4274284.418
293145.038 4270929.704
294353.146 4268315.762
295056.257 4265488.964
296311.280 4262427.110
297768.061 4259692.152
298763.033 4256727.814
300857.143 4253705.977
303282.334 4250855.575
305129.671 4248187.787
307856.841 4245439.153
310859.506 4242777.225
313212.004 4240094.523
316185.052 4237718.235
319310.193 4235307.306
322185.253 4233171.635
325850.426 4231918.682
329394.053 4230169.230
332899.376 4228765.756
336393.392 4227553.507
339612.672 4225963.203
343047.672 4224686.425
346084.180 4223448.420
349472.356 4222308.881
353115.026 4221399.797
356837.644 4220585.004
360709.567 4219328.657
364437.275 4218626.137
368240.258 4218092.964
371822.525 4217813.185
375166.366 4218643.270
378500.265 4219198.769
381828.321 4220221.527
384581.205 4221951.185
387341.616 4222659.992
390186.017 4223368.140
392352.728 4223888.018
395041.703 4223354.405
398143.368 4222952.813
400597.403 4221864.616
403465.901 4219885.826
406001.905 4217827.814
407770.008 4215852.772
409205.745 4213536.427
410273.523 4211605.433
410961.062 4209702.946
411761.403 4207490.128
413389.416 4205566.339
414546.669 4202868.597
416490.775 4199831.442
418949.631 4196608.269
421132.976 4193733.200
423913.618 4191955.823
426626.188 4191122.028
429053.901 4191020.477
431368.465 4191706.314
433742.949 4192404.354
435320.681 4192126.271
436377.562 4191321.980
436934.659 4189054.534
437190.633 4186237.707
436933.219 4183499.160
436215.944 4180221.564
435342.132 4177744.296
433241.050 4175394.723
431003.000 4173090.078
428411.687 4171949.001
425041.043 4170788.269
421478.530 4169702.057
418101.142 4168947.084
414901.059 4167523.734
411744.694 4165631.757
409475.361 4163016.449
407553.963 4159599.247
405789.721 4155725.623
405173.007 4151409.313
405049.296 4146929.157
405454.795 4142706.109
406176.882 4138622.553
407413.167 4134871.682
409174.538 4131560.245
410784.548 4128955.607
413422.015 4126947.941
416233.774 4125196.368
419263.294 4124171.814
422932.592 4122933.107
426458.766 4121548.629
429506.742 4119945.059
432705.452 4118035.664
435871.954 4116117.462
438834.304 4114160.067
442564.901 4112741.128
446405.051 4111506.985
450526.407 4110940.811
455090.904 4111060.615
459663.250 4111289.871
464103.195 4111756.618
468299.138 4112599.317
472614.769 4113660.296
476568.233 4114991.247
480181.397 4117032.237
483547.635 4118877.530
486100.634 4121232.382
487610.756 4124192.800
488383.225 4126999.202
489220.683 4130114.166
489643.041 4132980.842
490538.913 4135835.105
492527.615 4138394.982
494865.039 4140593.397
498149.457 4142712.876
502204.468 4144572.882
506146.422 4146582.840
509959.570 4148949.425
513196.496 4151527.793
515813.798 4154418.808
517991.341 4157256.363
519637.005 4159914.076
521213.687 4162450.545
522504.134 4164415.064
523787.710 4166130.889
524425.122 4167623.933
524421.978 4168820.147
524731.216 4169950.089
524653.586 4170938.059
525044.960 4171944.214
526888.463 4173018.878
529413.814 4174168.173
532991.945 4175467.346
537493.275 4176920.806
541944.877 4178611.200
546270.242 4180060.816
550266.847 4181806.811
553792.196 4183643.222
556970.539 4184749.616
560007.964 4186160.847
562821.026 4187198.873
565551.440 4187686.850
568844.406 4188111.394
572059.123 4187860.298
575420.428 4187462.571
579444.566 4186941.321
583215.901 4186249.776
587296.944 4185784.253
591823.878 4185310.540
596385.187 4184913.820
601249.090 4184812.707
606249.502 4184812.707
611249.914 4184812.707
616250.326 4184812.707
621250.738 4184812.707
626251.150 4184812.707
631251.562 4184812.707
636251.974 4184812.707
641252.387 4184812.707
646252.799 4184812.707
651253.211 4184812.707
656253.623 4184812.707
661254.035 4184812.707
666254.447 4184812.707
671254.859 4184812.707
676255.271 4184812.707
681255.683 4184812.707
686256.095 4184812.707
691256.507 4184812.707
696256.919 4184812.707
701257.331 4184812.707
706257.743 4184812.707
711258.155 4184812.707
716258.567 4184812.707
721258.979 4184812.707
726259.391 4184812.707
731259.803 4184812.707
736260.215 4184812.707
741260.627 4184812.707
746261.039 4184812.707
751261.451 4184812.707
756261.863 4184812.707
761262.275 4184812.707
766262.687 4184812.707
771263.099 4184812.707
776263.511 4184812.707
781263.924 4184812.707
786264.336 4184812.707
791264.748 4184812.707
796265.160 4184812.707
801265.572 4184812.707
806265.984 4184812.707
811266.396 4184812.707
816266.808 4184812.707
821267.220 4184812.707
826267.632 4184812.707
830790.965 4185357.768
834689.247 4186527.882
837962.478 4188323.047
840133.578 4191288.325
841531.654 4194958.644
842304.678 4199254.015
842452.651 4204174.437
842452.651 4209174.849
842452.651 4214175.261
842452.651 4219175.674
842452.651 4224176.086
842452.651 4229176.498
842452.651 4234176.910
842452.651 4239177.322
842452.651 4244177.734
842452.651 4249178.146
842452.651 4254178.558
842452.651 4259178.970
842452.651 4264179.382
842452.651 4269179.794
842387.622 4274159.890
841733.971 4278608.441
840455.939 4282460.873
838488.497 4285696.871
835373.080 4287825.520
831597.522 4289293.478
827197.582 4290165.318
822238.290 4290461.355
817243.238 4290692.819
812248.186 4290924.283
807253.134 4291155.748
802258.082 4291387.212
797263.030 4291618.677
792267.978 4291850.141
787272.925 4292081.606
782277.873 4292313.070
777282.821 4292544.535
772287.769 4292775.999
767292.717 4293007.464
762297.665 4293238.928
757302.613 4293470.393
752307.561 4293701.857
747312.509 4293933.322
742317.457 4294164.786
737322.405 4294396.250
732327.353 4294627.715
727332.301 4294859.179
722337.249 4295090.644
717342.197 4295322.108
712347.145 4295553.573
707352.093 4295785.037
702357.041 4296016.502
697361.989 4296247.966
692366.937 4296479.431
687371.885 4296710.895
682376.833 4296942.360
677381.781 4297173.824
672386.729 4297405.289
667391.677 4297636.753
662396.625 4297868.217
657401.573 4298099.682
652406.521 4298331.146
647411.469 4298562.611
642430.704 4298798.626
637457.034 4298935.132
632501.843 4299150.335
627710.233 4298998.310
622987.927 4298457.544
618414.152 4297676.979
614244.077 4295977.465
610068.027 4294524.795
606312.597 4293569.309
602635.965 4291725.476
599378.105 4291049.608
596461.703 4294428.963